# vtk DataFile Version 2.0
Square plate test
ASCII
DATASET UNSTRUCTURED_GRID
POINTS 726 float
1.75137 3.16286 2.98503
1.62742 2.7472 2.97354
1.75922 2.74471 2.99076
1.6077 3.16781 2.96784
1.74605 2.74486 3.31856
1.61371 2.74734 3.33009
1.73693 3.16268 3.31238
1.5927 3.16777 3.32412
1.88891 2.74129 3.00616
1.88998 3.15661 3.00115
1.87628 2.74143 3.30718
1.87611 3.15625 3.30104
1.83186 2.74505 2.6708
1.82649 3.16418 2.6658
1.95988 2.74204 2.71337
1.9621 3.15889 2.70974
1.70193 2.74726 2.62477
1.68633 3.16832 2.61963
1.61271 2.74724 3.15144
1.6937 2.74609 2.98235
1.61754 2.95753 2.97069
1.745 2.7447 3.1543
1.75507 2.95388 2.98789
1.59194 3.16771 3.14557
1.68045 3.16556 2.97657
1.73631 3.16256 3.14831
1.68026 2.74624 3.32426
1.74126 2.95387 3.31547
1.60319 2.95759 3.3271
1.66573 3.16545 3.31816
1.82421 2.74311 2.99871
1.82102 3.15984 2.99322
1.87516 2.7412 3.15635
1.88912 2.9491 3.00362
1.87559 3.15607 3.15073
1.81131 2.74325 3.3129
1.80687 3.15957 3.3067
1.87587 2.94901 3.3041
1.78831 2.74485 2.82918
1.896 2.74363 2.69253
1.82895 2.95467 2.66829
1.7816 3.16345 2.82378
1.89462 3.16163 2.68802
1.91725 2.74161 2.85804
1.96069 2.95056 2.71149
1.91894 3.15763 2.8537
1.65733 2.74722 2.79759
1.76723 2.74627 2.6482
1.69408 2.9578 2.6222
1.63937 3.16804 2.79213
1.75723 3.16644 2.64303
1.59789 3.37806 2.965
1.74791 3.37176 2.98218
1.73282 3.37139 3.30929
1.58222 3.37791 3.32114
1.89118 3.36396 2.99872
1.87669 3.36332 3.29798
1.82426 3.37363 2.66333
1.96381 3.36712 2.70805
1.67862 3.37884 2.61706
1.67924 2.7461 3.15294
1.60231 2.9575 3.1485
1.68693 2.95588 2.97946
1.74043 2.95373 3.1513
1.66505 3.16536 3.14696
1.67285 2.95591 3.32121
1.81022 2.74305 3.15546
1.82233 2.9516 2.99595
1.8063 3.15943 3.14958
1.87504 2.9488 3.15351
1.80881 2.95155 3.30979
1.85292 2.74333 2.84396
1.78472 2.95422 2.82647
1.89504 2.95271 2.69024
1.85061 3.16064 2.83894
1.91777 2.94975 2.85582
1.72319 2.74616 2.81371
1.64831 2.95765 2.79486
1.76208 2.95639 2.64561
1.71137 3.16595 2.80819
1.58158 3.37787 3.14263
1.67412 3.37518 2.97369
1.73242 3.3713 3.14532
1.65874 3.37493 3.31511
1.82001 3.36796 2.99052
1.87647 3.36317 3.14796
1.80522 3.36746 3.3036
1.77871 3.3726 2.82111
1.89447 3.37047 2.68583
1.92042 3.36538 2.85163
1.63047 3.37841 2.78941
1.75253 3.37646 2.64044
1.67201 2.9558 3.14995
1.80798 2.95138 3.15251
1.85148 2.95208 2.84143
1.71713 2.9561 2.81095
1.65824 3.37487 3.14397
1.80491 3.36734 3.14666
1.85002 3.36909 2.83647
1.70576 3.37575 2.80544
1.66084 2.74772 3.68493
1.79229 2.74561 3.64435
1.64168 3.16829 3.67905
1.78342 3.16389 3.63808
1.92185 2.74265 3.60547
1.9206 3.15828 3.59863
1.7269 2.74678 3.66437
1.62991 2.74751 3.50831
1.65123 2.95803 3.68199
1.76195 2.74517 3.48232
1.78764 2.95484 3.64121
1.71335 3.16629 3.6583
1.60945 3.16797 3.50234
1.75278 3.16315 3.47603
1.85721 2.74422 3.62475
1.85234 3.16119 3.61823
1.89195 2.74193 3.45734
1.92092 2.95061 3.60207
1.89122 3.15702 3.45078
1.63215 3.37852 3.67611
1.77941 3.37286 3.63493
1.92059 3.3658 3.59519
1.6963 2.74647 3.49513
1.71999 2.95659 3.66134
1.61966 2.95777 3.50533
1.75714 2.95426 3.47918
1.68199 3.16578 3.489
1.8271 2.74365 3.46975
1.85451 2.95282 3.6215
1.82235 3.16019 3.46333
1.89126 2.94964 3.45406
1.70685 3.37593 3.65527
1.59926 3.37814 3.49936
1.74864 3.37194 3.47289
1.85044 3.36943 3.61496
1.8915 3.36425 3.44749
1.689 2.95619 3.49207
1.82444 2.95205 3.46654
1.67511 3.3753 3.48593
1.82053 3.3682 3.46012
1.5259 2.7488 3.72811
1.47738 2.74864 3.34245
1.49158 3.17069 3.72269
1.4389 3.17055 3.33691
1.49161 2.74852 2.95488
1.45441 3.17053 2.94956
1.5939 2.7484 3.70614
1.49408 2.74871 3.53616
1.50908 2.95974 3.7254
1.54616 2.74815 3.33612
1.45854 2.95959 3.33968
1.56791 3.16979 3.70047
1.45701 3.17061 3.53063
1.51728 3.16951 3.33035
1.47638 2.74857 3.14827
1.43784 3.17052 3.1428
1.56014 2.74802 2.96437
1.47339 2.95951 2.95222
1.53254 3.16951 2.95884
1.47376 3.38163 3.71997
1.41887 3.38151 3.33414
1.43504 3.38154 2.9469
1.56258 2.74826 3.52195
1.58103 2.9591 3.7033
1.47592 2.95966 3.53339
1.53188 2.95884 3.33323
1.53463 3.16962 3.51618
1.54517 2.74807 3.14986
1.45751 2.95954 3.14553
1.51639 3.16946 3.14417
1.54649 2.95877 2.9616
1.55466 3.38046 3.69763
1.43773 3.38156 3.52786
1.50251 3.38016 3.32746
1.41778 3.38151 3.14007
1.51845 3.38024 2.95608
1.54875 2.95895 3.51906
1.53094 2.95878 3.14701
1.52036 3.38028 3.51329
1.50168 3.38015 3.14133
1.56845 2.74844 2.57552
1.53765 3.17059 2.57071
1.5225 2.74847 2.76354
1.63574 2.74799 2.60053
1.55336 2.9595 2.57312
1.48791 3.17055 2.75844
1.6133 3.16974 2.59554
1.52163 3.38169 2.56831
1.59051 2.748 2.78086
1.50555 2.9595 2.76099
1.62462 2.95886 2.59804
1.56507 3.16961 2.77556
1.46991 3.38161 2.75589
1.60188 3.38062 2.59305
1.57792 2.9588 2.77821
1.55209 3.38041 2.77292
1.52422 2.32659 2.96019
1.51113 2.32676 3.34799
1.63489 2.32651 3.33605
1.64743 2.32627 2.97924
1.75786 2.32582 3.32477
1.76984 2.32549 2.99657
1.83989 2.32527 2.67594
1.71809 2.32606 2.62991
1.59558 2.32643 2.58033
1.49505 2.53769 3.34522
1.50868 2.53754 2.95753
1.63738 2.53679 2.97639
1.62427 2.53699 3.33307
1.51012 2.32668 3.15373
1.58595 2.32648 2.96989
1.57313 2.32668 3.34189
1.63367 2.32638 3.1573
1.76407 2.53528 2.99365
1.7515 2.53554 3.32166
1.75641 2.32563 3.16035
1.69645 2.32623 3.33037
1.70871 2.32594 2.98816
1.83543 2.53527 2.67335
1.70992 2.53668 2.62734
1.67572 2.32616 2.80304
1.79779 2.32537 2.83469
1.77906 2.32573 2.65341
1.58263 2.53741 2.57792
1.55289 2.32651 2.76864
1.65694 2.3263 2.60552
1.55997 2.53744 3.33901
1.49405 2.53761 3.151
1.57334 2.53726 2.96713
1.62316 2.53687 3.15437
1.57202 2.32658 3.15554
1.70092 2.53613 2.98525
1.75025 2.53537 3.15732
1.68808 2.53636 3.32731
1.69512 2.32607 3.15893
1.66645 2.53673 2.80032
1.79259 2.53526 2.83191
1.77284 2.53606 2.6508
1.73683 2.32583 2.81925
1.5384 2.53747 2.76609
1.64655 2.53713 2.60303
1.61442 2.32639 2.78615
1.55892 2.53734 3.1527
1.6869 2.53622 3.15593
1.72971 2.53608 2.81647
1.60272 2.53719 2.7835
1.89183 2.32415 3.01161
1.88041 2.32456 3.31342
1.96131 2.32399 2.71775
1.88971 2.53303 3.00881
1.87768 2.53333 3.31029
1.81916 2.32527 3.31915
1.83086 2.3249 3.00441
1.87872 2.32431 3.16223
1.95999 2.53321 2.71544
1.90063 2.3247 2.69742
1.91945 2.32406 2.86297
1.82696 2.53425 3.00153
1.87628 2.53309 3.15924
1.81467 2.53453 3.31601
1.8176 2.32505 3.16148
1.89778 2.53432 2.69491
1.9177 2.53309 2.86041
1.85865 2.32479 2.84929
1.81334 2.53432 3.15845
1.85522 2.53426 2.84658
1.68033 2.3268 3.69081
1.80374 2.32629 3.65058
1.92676 2.32529 3.61212
1.67053 2.53732 3.68787
1.79759 2.53612 3.64747
1.7421 2.32659 3.67043
1.65061 2.32665 3.51428
1.77377 2.32604 3.48859
1.9237 2.53426 3.60882
1.86528 2.32586 3.63117
1.89653 2.32489 3.46384
1.73423 2.5368 3.6674
1.64022 2.53714 3.5113
1.76742 2.5358 3.48545
1.71226 2.3264 3.50127
1.86071 2.53528 3.62798
1.8936 2.53373 3.4606
1.83518 2.32554 3.47614
1.704 2.53656 3.4982
1.83058 2.53486 3.47295
1.55623 2.32694 3.73354
1.54173 2.53787 3.73083
1.61839 2.32691 3.71181
1.52668 2.32685 3.54169
1.6064 2.53767 3.70898
1.51112 2.53778 3.53892
1.58876 2.32679 3.52772
1.57597 2.53755 3.52484
2.01774 2.73727 3.02007
2.00564 2.73736 3.29565
2.01364 2.32235 3.02469
2.00278 2.32283 3.30177
2.0871 2.73849 2.75327
2.08257 2.32232 2.75613
2.02652 3.14973 3.01649
2.01319 3.14916 3.28977
2.09577 3.15301 2.75219
1.9534 2.73933 3.01324
2.01491 2.53022 3.0222
2.00445 2.73707 3.15757
2.00343 2.53055 3.29867
1.94103 2.73945 3.30143
1.95275 2.32329 3.01831
2.00086 2.32251 3.16299
1.94161 2.32374 3.30762
2.04534 2.7378 2.88476
2.08415 2.53068 2.7544
2.02356 2.74031 2.73354
2.04094 2.3223 2.88852
2.02195 2.32319 2.73723
2.02174 2.9437 3.01819
1.95842 3.15322 3.00889
2.01278 3.14893 3.15279
2.00902 2.94349 3.29269
1.94482 3.15276 3.2954
2.09109 2.94589 2.75258
2.05423 3.15121 2.88244
2.02909 3.156 2.73109
1.95235 2.53167 3.01565
1.93988 2.73918 3.15703
2.00187 2.53024 3.16017
1.94059 2.53199 3.3045
1.93981 2.32345 3.1627
1.98137 2.73975 2.87158
2.04239 2.5304 2.8864
2.0221 2.53198 2.73518
1.98021 2.32322 2.87597
1.95555 2.94646 3.011
2.00822 2.94322 3.15513
1.94436 3.15256 3.15179
1.94256 2.9463 3.2984
2.04942 2.94468 2.88348
2.026 2.94827 2.73221
1.98675 3.15447 2.86817
1.93911 2.53171 3.15979
1.98008 2.53179 2.87361
1.94175 2.94607 3.15437
1.98371 2.94726 2.86979
2.03169 3.35555 3.01487
2.01774 3.35461 3.28686
2.10079 3.36 2.75196
1.96166 3.35981 3.00683
2.01774 3.35441 3.1505
1.94745 3.35902 3.29241
2.05943 3.35756 2.88152
2.03251 3.36361 2.73007
1.94734 3.35885 3.14924
1.99015 3.36152 2.86663
2.05058 2.73913 3.56754
2.04962 2.32389 3.5747
2.05579 3.15205 3.55993
1.98628 2.74094 3.58642
2.04939 2.5319 3.57119
2.02108 2.73808 3.4328
1.98821 2.32462 3.59332
2.01912 2.3233 3.43951
2.05283 2.94578 3.56377
1.98836 3.15521 3.57922
2.02758 3.15026 3.42597
1.98658 2.53312 3.58992
1.95659 2.74005 3.44503
2.01935 2.53112 3.43618
1.95784 2.32413 3.45164
1.98699 2.94825 3.58285
2.02395 2.94438 3.42939
1.95957 3.15369 3.43834
1.95651 2.53247 3.44835
1.95773 2.94706 3.44169
2.0591 3.35812 3.55605
1.99007 3.36201 3.57557
2.03158 3.35592 3.42253
1.96177 3.36014 3.43497
1.9607 2.74543 2.36865
2.08687 2.74279 2.44003
1.96508 2.32507 2.37288
2.08667 2.32384 2.44319
1.83319 2.74733 2.29328
1.84323 2.32587 2.2976
1.95827 3.16558 2.3646
2.08966 3.16121 2.43783
1.82364 3.16888 2.28896
1.96257 2.53528 2.37073
1.88946 2.74526 2.51687
2.02389 2.74419 2.40487
2.08634 2.53341 2.44145
2.01652 2.74247 2.57357
1.89578 2.32518 2.52159
2.0259 2.32451 2.40873
2.01714 2.32393 2.57735
1.83812 2.53658 2.29544
1.76072 2.7473 2.45627
1.89718 2.74648 2.33143
1.77407 2.32597 2.46104
1.9042 2.32552 2.33579
1.95932 2.95552 2.36661
1.88555 3.16493 2.51233
2.0242 3.1635 2.40149
2.08805 2.95204 2.43885
2.01912 3.16016 2.57066
1.82837 2.9581 2.29112
1.74796 3.16862 2.45151
1.89153 3.16739 2.32711
1.89221 2.53529 2.5192
2.0245 2.53441 2.40672
1.95311 2.74395 2.54573
2.01629 2.53334 2.57531
1.95648 2.32461 2.55012
1.7673 2.53664 2.45865
1.90046 2.53601 2.3336
1.82539 2.74639 2.48704
1.83498 2.32563 2.49186
1.8873 2.95513 2.51459
2.02385 2.95388 2.40314
1.95263 3.16265 2.54177
2.01755 2.95138 2.57204
1.75429 2.95796 2.45389
1.89424 2.95694 2.32926
1.81747 3.16695 2.48226
1.95431 2.53439 2.54785
1.8299 2.53604 2.48944
1.95263 2.95335 2.54371
1.82129 2.95669 2.48465
1.95738 3.37562 2.36261
2.09148 3.37032 2.43689
1.81896 3.37967 2.2868
1.88401 3.3747 2.51009
2.02475 3.37309 2.39988
2.02096 3.36887 2.56935
1.74168 3.37928 2.44912
1.88893 3.37784 2.32496
1.95287 3.37189 2.53987
1.8138 3.3772 2.47988
2.21244 2.73966 2.50822
2.20814 2.32229 2.50933
2.21962 3.15621 2.50941
2.14971 2.74127 2.47439
2.20981 2.53112 2.50839
2.14286 2.73917 2.62721
2.13836 2.32233 2.62919
2.14741 2.32309 2.47661
2.21579 2.948 2.50862
2.15476 3.15876 2.47376
2.15095 3.1548 2.62733
2.1481 2.5323 2.47524
2.07975 2.74086 2.60064
2.14001 2.53095 2.62785
2.07777 2.32316 2.60359
2.152 2.95007 2.47394
2.1466 2.94708 2.6271
2.08518 3.15753 2.59913
2.07818 2.53218 2.60188
2.08218 2.94928 2.59977
2.22368 3.36434 2.51038
2.15774 3.36739 2.4737
2.1556 3.36241 2.62774
2.08847 3.36569 2.59862
1.7032 2.74835 2.2145
1.72088 2.32627 2.21853
1.6831 3.17065 2.21046
1.62888 2.7484 2.39209
1.71244 2.53727 2.21651
1.76857 2.74796 2.25428
1.65175 2.32635 2.39654
1.78213 2.32611 2.25847
1.60294 3.17063 2.38763
1.69335 2.95949 2.21248
1.75428 3.16999 2.25009
1.64083 2.53734 2.39431
1.69528 2.74798 2.42461
1.77547 2.53701 2.25637
1.71301 2.32621 2.42923
1.61617 2.9595 2.38986
1.67659 3.16987 2.41999
1.76149 2.95896 2.25219
1.7043 2.53707 2.42692
1.68601 2.95892 2.4223
1.67264 3.38184 2.20845
1.58946 3.38177 2.38541
1.74701 3.38103 2.248
1.66709 3.38084 2.41768
1.63271 2.749 4.10171
1.76488 2.74824 4.02863
1.65508 2.32713 4.10662
1.77985 2.32711 4.03397
1.89464 2.74672 3.95836
1.90414 2.32684 3.96414
1.60782 3.1709 4.0968
1.75043 3.16916 4.0233
1.88728 3.16595 3.9525
1.64432 2.53806 4.10417
1.69916 2.74872 4.06479
1.5723 2.7489 3.91706
1.70599 2.74797 3.85876
1.77227 2.53771 4.0313
1.59921 2.32704 3.92228
1.71754 2.32715 4.06992
1.72357 2.32695 3.86443
1.83666 2.74613 3.80343
1.89903 2.53689 3.96126
1.82999 2.74757 3.99318
1.84733 2.32656 3.80951
1.84204 2.32702 3.99872
1.62048 2.95995 4.09926
1.68 3.17025 4.05965
1.54205 3.17078 3.91183
1.68884 3.16869 3.85309
1.75761 2.95872 4.02596
1.8284 3.16485 3.7973
1.89078 2.95639 3.95544
1.81942 3.16771 3.98762
1.70848 2.53794 4.06736
1.58631 2.53796 3.91967
1.63961 2.74855 3.88749
1.71471 2.53751 3.8616
1.66149 2.32703 3.89295
1.77162 2.74715 3.83078
1.8416 2.53649 3.80648
1.83577 2.53736 3.99595
1.78551 2.3268 3.83664
1.68964 2.95949 4.06222
1.55745 2.95984 3.91444
1.61655 3.17 3.88202
1.69738 2.95835 3.85593
1.83233 2.95556 3.80037
1.75933 3.16695 3.8249
1.82458 2.95767 3.9904
1.65074 2.5378 3.89022
1.7783 2.53707 3.83371
1.62818 2.95928 3.88476
1.76534 2.9571 3.82784
2.02306 2.74456 3.89033
2.02816 2.32623 3.89684
2.0209 3.16176 3.88344
1.96566 2.74355 3.75024
2.02512 2.53558 3.89364
1.95895 2.74571 3.9241
1.96617 2.32659 3.93019
1.97076 2.32574 3.7569
1.96394 3.1599 3.74329
2.02173 2.95325 3.88692
1.95434 3.16394 3.91782
1.90129 2.74493 3.77662
1.96765 2.53489 3.75362
1.96213 2.5363 3.92717
1.90907 2.32621 3.78295
1.89647 3.16247 3.77015
1.96452 2.95184 3.74679
1.95643 2.9549 3.92097
1.90468 2.53576 3.77981
1.89863 2.95379 3.7734
1.59495 3.38185 4.09435
1.74329 3.37959 4.02063
1.88396 3.37545 3.94957
1.67029 3.381 4.05708
1.52636 3.38173 3.90922
1.68034 3.37901 3.85026
1.82467 3.37406 3.79422
1.81438 3.37771 3.98484
1.60483 3.38071 3.87929
1.75345 3.37675 3.82196
2.02032 3.37017 3.87994
1.96363 3.36783 3.73977
1.95247 3.37291 3.91465
1.89455 3.37104 3.76688
2.15085 2.74194 3.82376
2.15206 2.32533 3.83132
2.15304 3.15704 3.81531
2.0939 2.74045 3.69835
2.15089 2.53389 3.82769
2.08701 2.74329 3.85692
2.09403 2.32457 3.70581
2.09012 2.3258 3.86393
2.09766 3.15436 3.6902
2.15166 2.94962 3.81961
2.08709 3.15944 3.8493
2.02985 2.74204 3.72419
2.09332 2.53283 3.7022
2.08803 2.53477 3.86053
2.0324 2.32519 3.73123
2.09546 2.94757 3.69433
2.03095 3.15718 3.71667
2.08678 2.95148 3.85316
2.03051 2.5339 3.72779
2.03009 2.94975 3.72047
2.15469 3.36433 3.81094
2.10019 3.361 3.686
2.08767 3.3673 3.84539
2.03211 3.36446 3.71283
1.4975 2.74914 4.17814
1.38653 2.74903 3.77458
1.43124 2.32686 3.77941
1.52969 2.32699 4.18251
1.33601 2.74893 3.35611
1.38635 2.32674 3.36107
1.45788 3.17131 4.17376
1.33085 3.17124 3.76975
1.27298 3.1712 3.35114
1.5655 2.74912 4.13948
1.51483 2.53806 4.18033
1.43476 2.74908 3.97898
1.41072 2.53794 3.777
1.45679 2.74899 3.75091
1.47408 2.32693 3.98363
1.49385 2.32692 3.75606
1.59246 2.32707 4.14413
1.35342 2.74898 3.56645
1.40735 2.74887 3.34911
1.36329 2.53782 3.35859
1.40179 2.3268 3.57139
1.44887 2.32677 3.35437
1.47831 2.96022 4.17595
1.53381 3.17122 4.13482
1.38601 3.17127 3.97433
1.35961 2.96013 3.77216
1.4126 3.17112 3.74576
1.30555 2.96006 3.35362
1.29298 3.17122 3.56151
1.3575 3.17106 3.34384
1.57977 2.53809 4.1418
1.50403 2.74905 3.94753
1.45599 2.538 3.98131
1.47651 2.53794 3.75348
1.53675 2.327 3.95248
1.37961 2.53788 3.56892
1.42437 2.74893 3.55097
1.42949 2.53781 3.35174
1.46436 2.32685 3.55623
1.55005 2.96017 4.13715
1.41117 2.96017 3.97666
1.46523 3.17117 3.94258
1.43529 2.96005 3.74833
1.32421 2.96009 3.56398
1.38312 2.95996 3.34647
1.37649 3.17109 3.54572
1.5214 2.53802 3.95001
1.44568 2.53787 3.5536
1.48514 2.96011 3.94506
1.40109 2.96 3.54835
1.35071 2.74883 2.93486
1.39999 2.32661 2.93966
1.2889 3.17115 2.93005
1.33491 2.74888 3.14507
1.37744 2.5377 2.93726
1.42181 2.74876 2.94505
1.38555 2.32667 3.14999
1.46224 2.32663 2.95012
1.27143 3.17118 3.14015
1.32085 2.95998 2.93245
1.37322 3.17102 2.93997
1.4063 2.74881 3.14667
1.36237 2.53776 3.14753
1.44339 2.53767 2.94758
1.44797 2.3267 3.15188
1.30424 2.96002 3.14261
1.35621 3.17104 3.14146
1.3982 2.95988 2.94251
1.42854 2.53774 3.14928
1.38196 2.95992 3.14407
1.43684 3.38241 4.17157
1.30118 3.38235 3.76733
1.23935 3.38235 3.34866
1.51717 3.38228 4.13249
1.36007 3.38237 3.97201
1.38931 3.3822 3.74319
1.26075 3.38235 3.55904
1.33119 3.38217 3.3412
1.44482 3.38223 3.94011
1.35123 3.38218 3.5431
1.2559 3.38233 2.92765
1.23754 3.38234 3.13769
1.34756 3.38217 2.93743
1.32976 3.38217 3.13886
1.43046 2.74872 2.5229
1.47216 2.32648 2.52728
1.37811 3.17109 2.51853
1.38278 2.74877 2.72697
1.50004 2.74866 2.54967
1.45308 2.53758 2.52509
1.42907 2.32654 2.73159
1.53399 2.32648 2.55427
1.40517 2.95989 2.52072
1.32469 3.17112 2.72235
1.45928 3.171 2.54507
1.40789 2.53764 2.72928
1.45327 2.74871 2.74559
1.51815 2.53754 2.55197
1.49111 2.32656 2.75046
1.35472 2.95994 2.72466
1.48023 2.95982 2.54737
1.40781 3.17101 2.74072
1.47346 2.53761 2.74803
1.43117 2.95985 2.74316
1.35017 3.3823 2.51635
1.29369 3.38231 2.72003
1.43777 3.3822 2.54277
1.38381 3.38218 2.73828
1.57008 2.74861 2.13227
1.5979 2.32635 2.13595
1.53503 3.17103 2.12859
1.49311 2.74866 2.32417
1.5852 2.53746 2.13411
1.63705 2.74856 2.17385
1.52864 2.32641 2.32823
1.65947 2.32634 2.17771
1.44846 3.17106 2.32011
1.55316 2.95981 2.13043
1.61004 3.17097 2.16999
1.56151 2.74861 2.35863
1.51239 2.53752 2.3262
1.64902 2.53741 2.17578
1.5903 2.32641 2.3629
1.47154 2.95985 2.32214
1.52693 3.17099 2.35437
1.62393 2.95975 2.17192
1.57687 2.53748 2.36076
1.5447 2.95978 2.3565
1.5163 3.38226 2.12674
1.42462 3.38228 2.31808
1.59577 3.38221 2.16806
1.50867 3.38221 2.35224

CELLS 256 2304
8 92 63 22 62 64 25 0 24 
8 63 93 67 22 25 68 31 0 
8 22 67 94 72 0 31 74 41 
8 62 22 72 95 24 0 41 79 
8 64 25 0 24 96 82 52 81 
8 25 68 31 0 82 97 84 52 
8 0 31 74 41 52 84 98 87 
8 24 0 41 79 81 52 87 99 
8 136 125 27 65 126 113 6 29 
8 125 137 70 27 113 129 36 6 
8 27 70 93 63 6 36 68 25 
8 65 27 63 92 29 6 25 64 
8 126 113 6 29 138 133 53 83 
8 113 129 36 6 133 139 86 53 
8 6 36 68 25 53 86 97 82 
8 29 6 25 64 83 53 82 96 
8 176 124 28 165 166 112 7 153 
8 124 136 65 28 112 126 29 7 
8 28 65 92 61 7 29 64 23 
8 165 28 61 177 153 7 23 169 
8 166 112 7 153 178 132 54 173 
8 112 126 29 7 132 138 83 54 
8 7 29 64 23 54 83 96 80 
8 153 7 23 169 173 54 80 179 
8 177 61 20 170 169 23 3 158 
8 61 92 62 20 23 64 24 3 
8 20 62 95 77 3 24 79 49 
8 170 20 77 194 158 3 49 191 
8 169 23 3 158 179 80 51 175 
8 23 64 24 3 80 96 81 51 
8 3 24 79 49 51 81 99 90 
8 158 3 49 191 175 51 90 195 
8 242 229 207 228 167 18 1 156 
8 229 243 231 207 18 60 19 1 
8 207 231 244 235 1 19 76 46 
8 228 207 235 245 156 1 46 188 
8 167 18 1 156 177 61 20 170 
8 18 60 19 1 61 92 62 20 
8 1 19 76 46 20 62 95 77 
8 156 1 46 188 170 20 77 194 
8 243 232 213 231 60 21 2 19 
8 232 264 257 213 21 66 30 2 
8 213 257 265 236 2 30 71 38 
8 231 213 236 244 19 2 38 76 
8 60 21 2 19 92 63 22 62 
8 21 66 30 2 63 93 67 22 
8 2 30 71 38 22 67 94 72 
8 19 2 38 76 62 22 72 95 
8 284 279 214 233 122 109 4 26 
8 279 285 259 214 109 127 35 4 
8 214 259 264 232 4 35 66 21 
8 233 214 232 243 26 4 21 60 
8 122 109 4 26 136 125 27 65 
8 109 127 35 4 125 137 70 27 
8 4 35 66 21 27 70 93 63 
8 26 4 21 60 65 27 63 92 
8 293 278 208 226 162 107 5 149 
8 278 284 233 208 107 122 26 5 
8 208 233 243 229 5 26 60 18 
8 226 208 229 242 149 5 18 167 
8 162 107 5 149 176 124 28 165 
8 107 122 26 5 124 136 65 28 
8 5 26 60 18 28 65 92 61 
8 149 5 18 167 165 28 61 177 
8 264 258 249 257 66 32 8 30 
8 258 340 324 249 32 325 303 8 
8 249 324 341 262 8 303 329 43 
8 257 249 262 265 30 8 43 71 
8 66 32 8 30 93 69 33 67 
8 32 325 303 8 69 342 333 33 
8 8 303 329 43 33 333 343 75 
8 30 8 43 71 67 33 75 94 
8 93 69 33 67 68 34 9 31 
8 69 342 333 33 34 335 317 9 
8 33 333 343 75 9 317 339 45 
8 67 33 75 94 31 9 45 74 
8 68 34 9 31 97 85 55 84 
8 34 335 317 9 85 352 347 55 
8 9 317 339 45 55 347 353 89 
8 31 9 45 74 84 55 89 98 
8 285 282 250 259 127 116 10 35 
8 282 372 327 250 116 366 307 10 
8 250 327 340 258 10 307 325 32 
8 259 250 258 264 35 10 32 66 
8 127 116 10 35 137 130 37 70 
8 116 366 307 10 130 373 336 37 
8 10 307 325 32 37 336 342 69 
8 35 10 32 66 70 37 69 93 
8 137 130 37 70 129 118 11 36 
8 130 373 336 37 118 371 320 11 
8 37 336 342 69 11 320 335 34 
8 70 37 69 93 36 11 34 68 
8 129 118 11 36 139 135 56 86 
8 118 371 320 11 135 377 349 56 
8 11 320 335 34 56 349 352 85 
8 36 11 34 68 86 56 85 97 
8 244 236 218 237 76 38 12 47 
8 236 265 261 218 38 71 39 12 
8 218 261 424 408 12 39 410 388 
8 237 218 408 425 47 12 388 415 
8 76 38 12 47 95 72 40 78 
8 38 71 39 12 72 94 73 40 
8 12 39 410 388 40 73 426 417 
8 47 12 388 415 78 40 417 427 
8 95 72 40 78 79 41 13 50 
8 72 94 73 40 41 74 42 13 
8 40 73 426 417 13 42 419 401 
8 78 40 417 427 50 13 401 423 
8 79 41 13 50 99 87 57 91 
8 41 74 42 13 87 98 88 57 
8 13 42 419 401 57 88 436 431 
8 50 13 401 423 91 57 431 437 
8 265 262 254 261 71 43 14 39 
8 262 341 331 254 43 329 313 14 
8 254 331 456 411 14 313 450 391 
8 261 254 411 424 39 14 391 410 
8 71 43 14 39 94 75 44 73 
8 43 329 313 14 75 343 338 44 
8 14 313 450 391 44 338 457 420 
8 39 14 391 410 73 44 420 426 
8 94 75 44 73 74 45 15 42 
8 75 343 338 44 45 339 323 15 
8 44 338 457 420 15 323 455 404 
8 73 44 420 426 42 15 404 419 
8 74 45 15 42 98 89 58 88 
8 45 339 323 15 89 353 351 58 
8 15 323 455 404 58 351 461 433 
8 42 15 404 419 88 58 433 436 
8 245 235 219 240 188 46 16 183 
8 235 244 237 219 46 76 47 16 
8 219 237 425 413 16 47 415 396 
8 240 219 413 480 183 16 396 474 
8 188 46 16 183 194 77 48 190 
8 46 76 47 16 77 95 78 48 
8 16 47 415 396 48 78 427 421 
8 183 16 396 474 190 48 421 481 
8 194 77 48 190 191 49 17 186 
8 77 95 78 48 49 79 50 17 
8 48 78 427 421 17 50 423 406 
8 190 48 421 481 186 17 406 478 
8 191 49 17 186 195 90 59 193 
8 49 79 50 17 90 99 91 59 
8 17 50 423 406 59 91 437 434 
8 186 17 406 478 193 59 434 485 
8 532 519 269 290 518 498 100 146 
8 519 533 277 269 498 521 106 100 
8 269 277 284 278 100 106 122 107 
8 290 269 278 293 146 100 107 162 
8 518 498 100 146 534 528 108 163 
8 498 521 106 100 528 535 123 108 
8 100 106 122 107 108 123 136 124 
8 146 100 107 162 163 108 124 176 
8 533 522 270 277 521 503 101 106 
8 522 554 281 270 503 547 114 101 
8 270 281 285 279 101 114 127 109 
8 277 270 279 284 106 101 109 122 
8 521 503 101 106 535 529 110 123 
8 503 547 114 101 529 555 128 110 
8 101 114 127 109 110 128 137 125 
8 106 101 109 122 123 110 125 136 
8 534 528 108 163 527 511 102 151 
8 528 535 123 108 511 530 111 102 
8 108 123 136 124 102 111 126 112 
8 163 108 124 176 151 102 112 166 
8 527 511 102 151 564 561 119 171 
8 511 530 111 102 561 565 131 119 
8 102 111 126 112 119 131 138 132 
8 151 102 112 166 171 119 132 178 
8 535 529 110 123 530 513 103 111 
8 529 555 128 110 513 551 115 103 
8 110 128 137 125 103 115 129 113 
8 123 110 125 136 111 103 113 126 
8 530 513 103 111 565 562 120 131 
8 513 551 115 103 562 569 134 120 
8 103 115 129 113 120 134 139 133 
8 111 103 113 126 131 120 133 138 
8 554 548 274 281 547 539 104 114 
8 548 588 365 274 539 581 357 104 
8 274 365 372 282 104 357 366 116 
8 281 274 282 285 114 104 116 127 
8 547 539 104 114 555 552 117 128 
8 539 581 357 104 552 589 369 117 
8 104 357 366 116 117 369 373 130 
8 114 104 116 127 128 117 130 137 
8 555 552 117 128 551 544 105 115 
8 552 589 369 117 544 586 363 105 
8 117 369 373 130 105 363 371 118 
8 128 117 130 137 115 105 118 129 
8 551 544 105 115 569 567 121 134 
8 544 586 363 105 567 593 375 121 
8 105 363 371 118 121 375 377 135 
8 115 105 118 129 134 121 135 139 
8 640 517 287 627 625 497 140 607 
8 517 532 290 287 497 518 146 140 
8 287 290 293 291 140 146 162 147 
8 627 287 291 641 607 140 147 630 
8 625 497 140 607 642 526 148 636 
8 497 518 146 140 526 534 163 148 
8 140 146 162 147 148 163 176 164 
8 607 140 147 630 636 148 164 643 
8 641 291 205 631 630 147 141 612 
8 291 293 226 205 147 162 149 141 
8 205 226 242 227 141 149 167 154 
8 631 205 227 662 612 141 154 655 
8 630 147 141 612 643 164 150 638 
8 147 162 149 141 164 176 165 150 
8 141 149 167 154 150 165 177 168 
8 612 141 154 655 638 150 168 663 
8 642 526 148 636 635 510 142 620 
8 526 534 163 148 510 527 151 142 
8 148 163 176 164 142 151 166 152 
8 636 148 164 643 620 142 152 639 
8 635 510 142 620 672 560 159 669 
8 510 527 151 142 560 564 171 159 
8 142 151 166 152 159 171 178 172 
8 620 142 152 639 669 159 172 673 
8 643 164 150 638 639 152 143 623 
8 164 176 165 150 152 166 153 143 
8 150 165 177 168 143 153 169 155 
8 638 150 168 663 623 143 155 660 
8 639 152 143 623 673 172 160 671 
8 152 166 153 143 172 178 173 160 
8 143 153 169 155 160 173 179 174 
8 623 143 155 660 671 160 174 677 
8 662 227 206 657 655 154 144 649 
8 227 242 228 206 154 167 156 144 
8 206 228 245 239 144 156 188 182 
8 657 206 239 696 649 144 182 690 
8 655 154 144 649 663 168 157 661 
8 154 167 156 144 168 177 170 157 
8 144 156 188 182 157 170 194 189 
8 649 144 182 690 661 157 189 697 
8 663 168 157 661 660 155 145 654 
8 168 177 170 157 155 169 158 145 
8 157 170 194 189 145 158 191 185 
8 661 157 189 697 654 145 185 695 
8 660 155 145 654 677 174 161 676 
8 155 169 158 145 174 179 175 161 
8 145 158 191 185 161 175 195 192 
8 654 145 185 695 676 161 192 701 
8 696 239 223 691 690 182 180 682 
8 239 245 240 223 182 188 183 180 
8 223 240 480 473 180 183 474 465 
8 691 223 473 720 682 180 465 713 
8 690 182 180 682 697 189 184 694 
8 182 188 183 180 189 194 190 184 
8 180 183 474 465 184 190 481 477 
8 682 180 465 713 694 184 477 721 
8 697 189 184 694 695 185 181 688 
8 189 194 190 184 185 191 186 181 
8 184 190 481 477 181 186 478 470 
8 694 184 477 721 688 181 470 718 
8 695 185 181 688 701 192 187 700 
8 185 191 186 181 192 195 193 187 
8 181 186 478 470 187 193 485 483 
8 688 181 470 718 700 187 483 725 

CELL_TYPES 256
12
12
12
12
12
12
12
12
12
12
12
12
12
12
12
12
12
12
12
12
12
12
12
12
12
12
12
12
12
12
12
12
12
12
12
12
12
12
12
12
12
12
12
12
12
12
12
12
12
12
12
12
12
12
12
12
12
12
12
12
12
12
12
12
12
12
12
12
12
12
12
12
12
12
12
12
12
12
12
12
12
12
12
12
12
12
12
12
12
12
12
12
12
12
12
12
12
12
12
12
12
12
12
12
12
12
12
12
12
12
12
12
12
12
12
12
12
12
12
12
12
12
12
12
12
12
12
12
12
12
12
12
12
12
12
12
12
12
12
12
12
12
12
12
12
12
12
12
12
12
12
12
12
12
12
12
12
12
12
12
12
12
12
12
12
12
12
12
12
12
12
12
12
12
12
12
12
12
12
12
12
12
12
12
12
12
12
12
12
12
12
12
12
12
12
12
12
12
12
12
12
12
12
12
12
12
12
12
12
12
12
12
12
12
12
12
12
12
12
12
12
12
12
12
12
12
12
12
12
12
12
12
12
12
12
12
12
12
12
12
12
12
12
12
12
12
12
12
12
12
12
12
12
12
12
12
POINT_DATA 726
SCALARS pact float 1
LOOKUP_TABLE default
0
0
0
0
0
0
0
0
0
0
0
0
0
0
0
0
0
0
0
0
0
0
0
0
0
0
0
0
0
0
0
0
0
0
0
0
0
0
0
0
0
0
0
0
0
0
0
0
0
0
0
0
0
0
0
0
0
0
0
0
0
0
0
0
0
0
0
0
0
0
0
0
0
0
0
0
0
0
0
0
0
0
0
0
0
0
0
0
0
0
0
0
0
0
0
0
1
0
0
0
0
0
0
0
0
0
0
0
0
0
0
0
0
0
0
0
0
0
0
0
0
0
0
0
0
0
0
0
0
0
0
0
0
0
0
0
0
0
0
0
0
0
0
0
0
0
0
0
0
0
0
0
0
0
0
0
0
0
0
0
0
0
0
0
0
0
0
0
0
0
0
0
0
0
0
0
0
0
0
0
0
0
0
0
0
0
0
0
0
0
0
0
0
0
0
0
0
0
0
0
0
0
0
0
0
0
0
0
0
0
0
0
0
0
0
0
0
0
0
0
0
0
0
0
0
0
0
0
0
0
0
0
0
0
0
0
0
0
0
0
0
0
0
0
0
0
0
0
0
0
0
0
0
0
0
0
0
0
0
0
0
0
0
0
0
0
0
0
0
0
0
0
0
0
0
0
0
0
0
0
0
0
0
0
0
0
0
0
0
0
0
0
0
0
0
0
0
0
0
0
0
0
0
0
0
0
0
0
0
0
0
0
0
0
0
0
0
0
0
0
0
0
0
0
0
0
0
0
0
0
0
0
0
0
0
0
0
0
0
0
0
0
0
0
0
0
0
0
0
0
0
0
0
0
0
0
0
0
0
0
0
0
0
0
0
0
0
0
0
0
0
0
0
0
0
0
0
0
0
0
0
0
0
0
0
0
0
0
0
0
0
0
0
0
0
0
0
0
0
0
0
0
0
0
0
0
0
0
0
0
0
0
0
0
0
0
0
0
0
0
0
0
0
0
0
0
0
0
0
0
0
0
0
0
0
0
0
0
0
0
0
0
0
0
0
0
0
0
0
0
0
0
0
0
0
0
0
0
0
0
0
0
0
0
0
0
0
0
0
0
0
0
0
0
0
0
0
0
0
0
0
0
0
0
0
0
0
0
0
0
0
0
0
0
0
0
0
0
0
0
0
0
0
0
0
0
0
0
0
0
0
0
0
0
0
0
0
0
0
0
0
0
0
0
0
0
0
0
0
0
0
0
0
0
0
0
0
0
0
0
0
0
0
0
0
0
0
0
0
0
0
0
0
0
0
0
0
0
0
0
0
0
0
0
0
0
0
0
0
0
0
0
0
0
0
0
0
0
0
0
0
0
0
0
0
0
0
0
0
0
0
0
0
0
0
0
0
0
0
0
0
0
0
0
0
0
0
0
0
0
0
0
0
0
0
0
0
0
0
0
0
0
0
0
0
0
0
0
0
0
0
0
0
0
0
0
0
0
0
0
0
0
0
0
0
0
0
0
0
0
0
0
0
0
0
0
0
0
0
0
0
0
0
0
0
0
0
0
0
0
0
0
0
0
0
0
0
0
0
0
0
0
0
0
0
0
0
0
0
0
0
0
0
0
0
0
0
0
0
0
0
0
0
0
0
0
0
0
0
0
0
0
0
0
0
0
0
0
0
0
0
0
0
0
0
0

CELL_DATA 256
SCALARS eact float 1
LOOKUP_TABLE default
1
1
1
1
1
1
1
1
1
1
1
1
1
1
1
1
1
1
1
1
1
1
1
1
1
1
1
1
1
1
1
1
0
0
0
0
0
0
0
0
0
0
0
0
0
0
0
0
0
0
0
0
0
0
0
0
0
0
0
0
0
0
0
0
0
0
0
0
0
0
0
0
0
0
0
0
0
0
0
0
0
0
0
0
0
0
0
0
0
0
0
0
0
0
0
0
0
0
0
0
0
0
0
0
0
0
0
0
0
0
0
0
0
0
0
0
0
0
0
0
0
0
0
0
0
0
0
0
0
0
0
0
0
0
0
0
0
0
0
0
0
0
0
0
0
0
0
0
0
0
0
0
0
0
0
0
0
0
0
0
0
0
0
0
0
0
0
0
0
0
0
0
0
0
0
0
0
0
0
0
0
0
0
0
0
0
0
0
0
0
0
0
0
0
0
0
0
0
0
0
0
0
0
0
0
0
0
0
0
0
0
0
0
0
0
0
0
0
0
0
0
0
0
0
0
0
0
0
0
0
0
0
0
0
0
0
0
0
0
0
0
0
0
0
0
0
0
0
0
0
0
0
0
0
0
0
